                                                                                          Number	Actual	Expect	ExecTime(ms)
                                                                                                   2	1	1	1
                                                                                                  10	0	0	0
                                                                                              100000	0	0	10
                                                                                          5915587277	1	1	91
                                                                                          3367900313	1	1	40
                                                                                         26590601323	0	0	0
                                                                                48112959837082048697	1	1	493
                                                                                45095080578985454453	1	1	473
                                                                      671998030559713968361666935769	1	1	2,307
                                                            2425967623052370772757633156976982469681	1	1	5,973
                                                  22953686867719691230002707821868552601124472329079	1	1	19,183
                                        622288097498926496141095869268883999563096063592498055290461	1	1	42,284
                                        622288097498926496141095869268883999563096063592498055290460	0	0	1
                    18532395500947174450709383384936679868383424444311405679463280782405796233163977	1	1	149,918
          282755483533707287054752184321121345766861480697448703443857012153264407439766013042402571	1	1	273,878
2074722246773485207821695222107608587480996474721117292752992589912196684750549658310084416732550077	1	1	540,218
